#    s        x        y     Ue/Vinf    Dstar     Theta      Cf       H
   0.00000  1.00000  0.00095  0.93422  0.009643  0.005541  0.001429     1.740
   0.00584  0.99422  0.00178  0.94021  0.009299  0.005405  0.001506     1.720
   0.01675  0.98342  0.00333  0.95164  0.008695  0.005159  0.001655     1.685
   0.02985  0.97045  0.00516  0.96411  0.008108  0.004907  0.001816     1.653
   0.04416  0.95627  0.00714  0.97659  0.007582  0.004668  0.001978     1.624
   0.05897  0.94161  0.00914  0.98825  0.007136  0.004457  0.002127     1.601
   0.07393  0.92677  0.01114  0.99915  0.006753  0.004268  0.002267     1.582
   0.08895  0.91188  0.01311  1.00909  0.006430  0.004103  0.002393     1.567
   0.10399  0.89697  0.01505  1.01840  0.006145  0.003953  0.002510     1.554
   0.11904  0.88204  0.01696  1.02711  0.005894  0.003817  0.002619     1.544
   0.13409  0.86711  0.01883  1.03521  0.005671  0.003694  0.002720     1.535
   0.14914  0.85218  0.02068  1.04289  0.005469  0.003580  0.002814     1.528
   0.16419  0.83723  0.02249  1.05032  0.005282  0.003472  0.002906     1.521
   0.17925  0.82228  0.02427  1.05729  0.005112  0.003372  0.002991     1.516
   0.19430  0.80733  0.02603  1.06406  0.004953  0.003278  0.003073     1.511
   0.20935  0.79238  0.02775  1.07051  0.004806  0.003188  0.003151     1.507
   0.22441  0.77742  0.02944  1.07689  0.004664  0.003102  0.003228     1.504
   0.23946  0.76245  0.03110  1.08299  0.004532  0.003020  0.003301     1.501
   0.25452  0.74749  0.03272  1.08909  0.004404  0.002941  0.003375     1.498
   0.26957  0.73252  0.03432  1.09488  0.004285  0.002865  0.003444     1.496
   0.28462  0.71755  0.03589  1.10076  0.004167  0.002791  0.003515     1.493
   0.29967  0.70258  0.03742  1.10645  0.004056  0.002719  0.003583     1.492
   0.31472  0.68760  0.03892  1.11210  0.003948  0.002649  0.003651     1.490
   0.32977  0.67263  0.04039  1.11777  0.003842  0.002581  0.003720     1.489
   0.34481  0.65766  0.04182  1.12336  0.003739  0.002514  0.003788     1.488
   0.35985  0.64268  0.04322  1.12888  0.003640  0.002449  0.003855     1.487
   0.37489  0.62771  0.04459  1.13443  0.003543  0.002385  0.003923     1.486
   0.38992  0.61274  0.04592  1.14003  0.003447  0.002321  0.003993     1.485
   0.40494  0.59776  0.04722  1.14556  0.003354  0.002259  0.004062     1.485
   0.41997  0.58280  0.04847  1.15119  0.003262  0.002198  0.004133     1.484
   0.43498  0.56783  0.04969  1.15674  0.003173  0.002138  0.004202     1.484
   0.44999  0.55286  0.05087  1.16245  0.003083  0.002078  0.004276     1.484
   0.46500  0.53790  0.05201  1.16810  0.002996  0.002020  0.004348     1.483
   0.47999  0.52295  0.05311  1.17391  0.002909  0.001961  0.004425     1.483
   0.49498  0.50799  0.05416  1.17969  0.002825  0.001904  0.004501     1.483
   0.50996  0.49305  0.05517  1.18559  0.002740  0.001847  0.004580     1.483
   0.52494  0.47811  0.05613  1.19154  0.002657  0.001791  0.004661     1.484
   0.53990  0.46317  0.05704  1.19756  0.002575  0.001736  0.004744     1.484
   0.55485  0.44824  0.05790  1.20374  0.002493  0.001680  0.004831     1.484
   0.56979  0.43332  0.05871  1.20993  0.002413  0.001626  0.004919     1.484
   0.58472  0.41841  0.05947  1.21629  0.002333  0.001571  0.005012     1.485
   0.59964  0.40351  0.06017  1.22277  0.002253  0.001517  0.005109     1.485
   0.61454  0.38862  0.06080  1.22939  0.002174  0.001464  0.005209     1.486
   0.62943  0.37374  0.06138  1.23612  0.002096  0.001410  0.005314     1.486
   0.64431  0.35888  0.06189  1.24300  0.002018  0.001358  0.005424     1.487
   0.65916  0.34403  0.06233  1.25009  0.001941  0.001305  0.005540     1.487
   0.67400  0.32920  0.06271  1.25735  0.001863  0.001253  0.005664     1.487
   0.68882  0.31438  0.06300  1.26481  0.001786  0.001201  0.005795     1.487
   0.70361  0.29959  0.06322  1.27248  0.001709  0.001149  0.005936     1.488
   0.71839  0.28482  0.06335  1.28041  0.001632  0.001098  0.006089     1.487
   0.73313  0.27007  0.06340  1.28861  0.001555  0.001046  0.006255     1.487
   0.74785  0.25535  0.06335  1.29718  0.001478  0.000995  0.006439     1.486
   0.76253  0.24067  0.06321  1.30601  0.001400  0.000943  0.006641     1.485
   0.77718  0.22603  0.06296  1.31528  0.001322  0.000892  0.006870     1.482
   0.79179  0.21142  0.06260  1.32501  0.001243  0.000840  0.007129     1.479
   0.80635  0.19687  0.06212  1.33516  0.001164  0.000789  0.007425     1.475
   0.82085  0.18238  0.06151  1.34585  0.001083  0.000737  0.007767     1.470
   0.83530  0.16795  0.06077  1.35746  0.001001  0.000684  0.008177     1.462
   0.84966  0.15361  0.05989  1.36949  0.000919  0.000632  0.008647     1.454
   0.86394  0.13938  0.05884  1.38242  0.000836  0.000579  0.009196     1.444
   0.87810  0.12527  0.05763  1.39620  0.000754  0.000525  0.009806     1.436
   0.89211  0.11133  0.05623  1.41060  0.000677  0.000472  0.010369     1.435
   0.90593  0.09760  0.05462  1.42531  0.000616  0.000420  0.010451     1.466
   0.91947  0.08418  0.05280  1.43997  0.000604  0.000374  0.008703     1.615
   0.93259  0.07122  0.05076  1.46292  0.000738  0.000332  0.004554     2.223
   0.94505  0.05897  0.04851  1.57788  0.001226  0.000208 -0.000532     5.891
   0.95652  0.04776  0.04610  1.60805  0.001218  0.000179 -0.000835     6.792
   0.96659  0.03799  0.04364  1.62774  0.001018  0.000163 -0.000958     6.230
   0.97505  0.02987  0.04124  1.65125  0.000781  0.000148 -0.001116     5.290
   0.98196  0.02334  0.03899  1.68161  0.000583  0.000132 -0.000975     4.427
   0.98756  0.01815  0.03691  1.71878  0.000439  0.000116  0.000117     3.793
   0.99215  0.01399  0.03497  1.76098  0.000338  0.000100  0.002241     3.375
   0.99597  0.01063  0.03315  1.80501  0.000266  0.000086  0.005317     3.094
   0.99922  0.00789  0.03141  1.84713  0.000213  0.000073  0.009286     2.899
   1.00203  0.00564  0.02971  1.88394  0.000170  0.000062  0.014610     2.742
   1.00450  0.00382  0.02804  1.90937  0.000137  0.000052  0.021573     2.612
   1.00672  0.00237  0.02636  1.91359  0.000110  0.000044  0.030283     2.503
   1.00873  0.00127  0.02468  1.88052  0.000090  0.000037  0.040714     2.400
   1.01058  0.00051  0.02300  1.78953  0.000076  0.000033  0.049383     2.325
   1.01229  0.00010  0.02133  1.63458  0.000067  0.000030  0.053368     2.273
   1.01392  0.00000  0.01971  1.42494  0.000063  0.000028  0.051403     2.234
   1.01558  0.00021  0.01806  1.17279  0.000063  0.000028  0.042765     2.228
   1.01737  0.00076  0.01636  0.89303  0.000064  0.000029  0.032803     2.192
   1.01929  0.00166  0.01465  0.61987  0.000071  0.000032  0.019939     2.223
   1.02140  0.00291  0.01296  0.37630  0.000078  0.000036  0.011411     2.191
   1.02374  0.00452  0.01127  0.17070  0.000096  0.000043  0.004084     2.230
   1.02636  0.00653  0.00958 -0.00288  0.000096  0.000043  0.000069     2.230
   1.02937  0.00900  0.00785 -0.14802  0.000121  0.000054  0.002807     2.230
   1.03288  0.01201  0.00606 -0.27070  0.000135  0.000060  0.004463     2.256
   1.03704  0.01572  0.00417 -0.37657  0.000156  0.000069  0.005328     2.271
   1.04208  0.02034  0.00216 -0.46915  0.000178  0.000078  0.005720     2.284
   1.04827  0.02614 -0.00003 -0.55035  0.000206  0.000089  0.005728     2.301
   1.05592  0.03341 -0.00238 -0.62142  0.000237  0.000102  0.005548     2.315
   1.06519  0.04234 -0.00485 -0.68274  0.000272  0.000117  0.005234     2.330
   1.07601  0.05288 -0.00736 -0.73365  0.000310  0.000132  0.004852     2.346
   1.08806  0.06468 -0.00977 -0.77490  0.000350  0.000148  0.004492     2.358
   1.10095  0.07737 -0.01201 -0.80769  0.000390  0.000164  0.004145     2.371
   1.11437  0.09064 -0.01404 -0.83415  0.000428  0.000180  0.003865     2.379
   1.12813  0.10428 -0.01587 -0.85540  0.000467  0.000195  0.003596     2.390
   1.14214  0.11819 -0.01750 -0.87275  0.000504  0.000210  0.003369     2.399
   1.15631  0.13228 -0.01896 -0.88722  0.000540  0.000224  0.003175     2.407
   1.17061  0.14653 -0.02025 -0.89929  0.000575  0.000238  0.002995     2.415
   1.18502  0.16089 -0.02139 -0.90953  0.000609  0.000252  0.002839     2.422
   1.19951  0.17535 -0.02240 -0.91821  0.000643  0.000265  0.002695     2.429
   1.21408  0.18988 -0.02329 -0.92565  0.000676  0.000278  0.002566     2.436
   1.22870  0.20448 -0.02406 -0.93208  0.000708  0.000290  0.002450     2.442
   1.24337  0.21914 -0.02472 -0.93754  0.000741  0.000302  0.002338     2.450
   1.25808  0.23385 -0.02529 -0.94243  0.000772  0.000314  0.002247     2.454
   1.27284  0.24859 -0.02577 -0.94646  0.000804  0.000326  0.002146     2.463
   1.28763  0.26338 -0.02616 -0.95014  0.000834  0.000338  0.002068     2.467
   1.30245  0.27819 -0.02648 -0.95328  0.000865  0.000350  0.001988     2.473
   1.31730  0.29304 -0.02672 -0.95602  0.000895  0.000361  0.001916     2.479
   1.33217  0.30791 -0.02690 -0.95835  0.000925  0.000372  0.001845     2.485
   1.34707  0.32281 -0.02701 -0.96052  0.000953  0.000383  0.001788     2.489
   1.36199  0.33773 -0.02706 -0.96217  0.000984  0.000394  0.001719     2.497
   1.37692  0.35266 -0.02706 -0.96374  0.001013  0.000405  0.001666     2.501
   1.39188  0.36762 -0.02701 -0.96509  0.001041  0.000415  0.001615     2.506
   1.40685  0.38259 -0.02690 -0.96622  0.001070  0.000426  0.001565     2.511
   1.42183  0.39757 -0.02675 -0.96711  0.001099  0.000437  0.001514     2.517
   1.43683  0.41257 -0.02656 -0.96794  0.001127  0.000447  0.001472     2.521
   1.45185  0.42759 -0.02632 -0.96866  0.001154  0.000457  0.001433     2.525
   1.46687  0.44261 -0.02605 -0.96918  0.001182  0.000467  0.001391     2.530
   1.48191  0.45764 -0.02574 -0.96964  0.001209  0.000477  0.001354     2.534
   1.49696  0.47269 -0.02540 -0.96997  0.001237  0.000487  0.001318     2.539
   1.51202  0.48774 -0.02503 -0.97024  0.001263  0.000497  0.001285     2.543
   1.52708  0.50280 -0.02463 -0.97045  0.001290  0.000506  0.001254     2.547
   1.54216  0.51787 -0.02420 -0.97050  0.001318  0.000516  0.001220     2.552
   1.55724  0.53295 -0.02374 -0.97064  0.001342  0.000526  0.001195     2.554
   1.57233  0.54803 -0.02326 -0.97059  0.001370  0.000535  0.001165     2.559
   1.58743  0.56312 -0.02275 -0.97059  0.001395  0.000544  0.001140     2.562
   1.60253  0.57821 -0.02222 -0.97048  0.001421  0.000554  0.001114     2.566
   1.61764  0.59331 -0.02167 -0.97029  0.001447  0.000563  0.001088     2.571
   1.63276  0.60842 -0.02111 -0.97017  0.001472  0.000572  0.001067     2.573
   1.64788  0.62352 -0.02052 -0.96994  0.001497  0.000581  0.001044     2.577
   1.66300  0.63864 -0.01991 -0.96973  0.001522  0.000590  0.001024     2.579
   1.67813  0.65375 -0.01929 -0.96936  0.001549  0.000599  0.000999     2.585
   1.69326  0.66887 -0.01865 -0.96907  0.001573  0.000608  0.000980     2.588
   1.70839  0.68399 -0.01799 -0.96864  0.001600  0.000617  0.000957     2.593
   1.72353  0.69911 -0.01732 -0.96827  0.001625  0.000626  0.000939     2.596
   1.73867  0.71423 -0.01663 -0.96777  0.001652  0.000635  0.000917     2.602
   1.75381  0.72936 -0.01593 -0.96726  0.001678  0.000644  0.000897     2.607
   1.76895  0.74448 -0.01522 -0.96671  0.001705  0.000653  0.000877     2.612
   1.78409  0.75960 -0.01449 -0.96611  0.001732  0.000661  0.000858     2.618
   1.79923  0.77473 -0.01374 -0.96533  0.001763  0.000671  0.000832     2.628
   1.81438  0.78985 -0.01299 -0.96462  0.001791  0.000680  0.000813     2.634
   1.82952  0.80498 -0.01222 -0.96368  0.001824  0.000689  0.000786     2.646
   1.84466  0.82010 -0.01143 -0.96273  0.001856  0.000699  0.000762     2.656
   1.85981  0.83522 -0.01064 -0.96155  0.001894  0.000709  0.000732     2.672
   1.87495  0.85034 -0.00983 -0.96024  0.001935  0.000719  0.000700     2.690
   1.89009  0.86546 -0.00900 -0.95884  0.001978  0.000730  0.000668     2.709
   1.90522  0.88057 -0.00816 -0.95703  0.002033  0.000742  0.000624     2.741
   1.92036  0.89568 -0.00731 -0.95509  0.002092  0.000754  0.000579     2.774
   1.93548  0.91078 -0.00644 -0.95278  0.002165  0.000768  0.000525     2.820
   1.95059  0.92586 -0.00555 -0.95011  0.002255  0.000782  0.000461     2.883
   1.96565  0.94089 -0.00465 -0.94705  0.002369  0.000798  0.000385     2.968
   1.98053  0.95575 -0.00375 -0.94381  0.002508  0.000815  0.000304     3.077
   1.99493  0.97012 -0.00285 -0.94041  0.002691  0.000832  0.000210     3.232
   2.00809  0.98325 -0.00202 -0.93740  0.002903  0.000848  0.000122     3.423
   2.01903  0.99417 -0.00132 -0.93516  0.003116  0.000860  0.000053     3.624
   2.02487  1.00000 -0.00095 -0.93422  0.003186  0.000865  0.000036     3.683
   2.02487  1.00010 -0.00000  0.93422  0.014706  0.006406  0.000000     2.296
   2.03071  1.00593 -0.00022  0.92285  0.014183  0.006744  0.000000     2.103
   2.03759  1.01281 -0.00043  0.92607  0.013467  0.006649  0.000000     2.025
   2.04570  1.02092 -0.00065  0.92971  0.012755  0.006545  0.000000     1.949
   2.05527  1.03048 -0.00088  0.93378  0.012053  0.006435  0.000000     1.873
   2.06654  1.04175 -0.00111  0.93822  0.011368  0.006319  0.000000     1.799
   2.07982  1.05504 -0.00134  0.94294  0.010709  0.006200  0.000000     1.727
   2.09549  1.07070 -0.00156  0.94782  0.010084  0.006083  0.000000     1.658
   2.11395  1.08916 -0.00176  0.95274  0.009497  0.005970  0.000000     1.591
   2.13571  1.11092 -0.00192  0.95756  0.008952  0.005864  0.000000     1.527
   2.16137  1.13658 -0.00203  0.96221  0.008450  0.005766  0.000000     1.466
   2.19161  1.16682 -0.00207  0.96661  0.007991  0.005676  0.000000     1.408
   2.22726  1.20247 -0.00198  0.97073  0.007575  0.005595  0.000000     1.354
   2.26928  1.24449 -0.00173  0.97454  0.007200  0.005522  0.000000     1.304
   2.31881  1.29402 -0.00125  0.97803  0.006867  0.005458  0.000000     1.258
   2.37720  1.35240 -0.00048  0.98120  0.006573  0.005401  0.000000     1.217
   2.44603  1.42122  0.00068  0.98405  0.006317  0.005351  0.000000     1.180
   2.52716  1.50233  0.00234  0.98659  0.006097  0.005308  0.000000     1.149
   2.62280  1.59794  0.00466  0.98882  0.005911  0.005270  0.000000     1.122
   2.73553  1.71064  0.00780  0.99077  0.005757  0.005238  0.000000     1.099
   2.86842  1.84346  0.01197  0.99243  0.005631  0.005211  0.000000     1.081
   3.02507  2.00001  0.01742  0.99411  0.005525  0.005184  0.000000     1.066
